Inf
0 1000 1 1
Mission
1 20 0 1
Tile
3 0 0
3 0 2
2 0 4
3 0 28
3 0 29
3 1 5
1 1 11
2 1 17
1 1 20
1 1 22
1 1 23
1 3 22
1 3 26
1 3 28
1 4 2
1 4 3
1 4 5
2 4 10
1 4 17
1 4 19
1 5 1
1 5 9
1 5 10
2 5 15
3 5 22
2 5 23
2 5 24
1 6 4
1 6 12
1 6 22
1 6 24
1 6 27
1 6 29
1 7 1
2 7 11
1 7 16
2 7 23
2 8 0
1 8 6
1 8 10
1 8 11
1 8 13
1 8 17
1 9 2
1 9 5
2 9 20
1 9 27
1 10 4
2 10 7
1 10 20
2 11 4
2 11 5
2 11 6
1 11 7
2 11 8
1 11 9
2 11 19
2 12 9
1 12 11
1 12 16
1 13 0
2 13 6
1 13 9
1 13 20
2 14 0
2 14 28
1 15 2
1 15 24
1 16 2
2 16 9
2 16 13
2 16 21
2 16 24
1 16 25
1 16 28
1 17 3
1 17 8
1 17 18
1 18 4
1 18 25
2 19 1
2 19 11
1 19 20
1 19 22
1 19 24
2 20 0
1 20 5
1 20 27
2 21 0
2 21 23
2 22 0
2 22 2
1 22 4
2 22 10
1 22 13
3 22 28
1 23 26
3 24 0
1 24 6
1 24 11
2 24 23
1 24 25
3 24 26
1 24 29
1 25 4
2 25 7
1 25 17
2 25 19
2 25 22
1 25 23
3 25 25
3 25 27
3 26 0
3 26 1
1 26 2
1 26 4
1 26 12
1 26 18
2 26 20
3 26 29
1 27 2
1 27 3
2 27 5
1 27 18
3 27 22
3 28 4
1 28 23
1 28 26
1 29 2
2 29 13
3 29 25
1 29 29
Facility
Item
end